     30.00     40.00       -2.4       2.4       0.563365     0.1     0.1
     40.00     50.00       -2.4       2.4       0.634109     0.1     0.1
     50.00     60.00       -2.4       2.4       0.671486     0.1     0.1
     60.00     70.00       -2.4       2.4       0.699899     0.1     0.1
     70.00    100.00       -2.4       2.4       0.712678     0.1     0.1
    100.00    140.00       -2.4       2.4       0.734276     0.1     0.1
    140.00    200.00       -2.4       2.4       0.754234     0.1     0.1
    200.00    300.00       -2.4       2.4       0.772274     0.1     0.1
    300.00    670.00       -2.4       2.4       0.760237     0.1     0.1
    670.00   1000.00       -2.4       2.4       0.711905     0.1     0.1
    1000.00  9000.00       -2.4       2.4       0.669356     0.1     0.1
