     10.00      15.00       0.00       0.80      0.853     0.0410     0.0410
     15.00      20.00       0.00       0.80      0.907     0.0184     0.0184
     20.00      30.00       0.00       0.80      0.999     0.0049     0.0049
     30.00      40.00       0.00       0.80      1.003     0.0020     0.0020
     40.00      50.00       0.00       0.80      0.998     0.0006     0.0006
     50.00     200.00       0.00       0.80      0.987     0.0027     0.0027
     10.00      15.00       0.80       1.44      0.877     0.0448     0.0448
     15.00      20.00       0.80       1.44      0.916     0.0216     0.0216
     20.00      30.00       0.80       1.44      0.971     0.0061     0.0061
     30.00      40.00       0.80       1.44      0.986     0.0027     0.0027
     40.00      50.00       0.80       1.44      0.990     0.0020     0.0020
     50.00     200.00       0.80       1.44      0.979     0.0035     0.0035
     10.00      15.00       1.44       1.56      0.531     0.1367     0.1367
     15.00      20.00       1.44       1.56      0.933     0.0884     0.0884
     20.00      30.00       1.44       1.56      1.082     0.0291     0.0291
     30.00      40.00       1.44       1.56      1.013     0.0140     0.0140
     40.00      50.00       1.44       1.56      0.945     0.0108     0.0108
     50.00     200.00       1.44       1.56      0.956     0.0199     0.0199
     10.00      15.00       1.56       2.00      0.713     0.0694     0.0694
     15.00      20.00       1.56       2.00      0.919     0.0363     0.0363
     20.00      30.00       1.56       2.00      1.008     0.0117     0.0117
     30.00      40.00       1.56       2.00      1.000     0.0055     0.0055
     40.00      50.00       1.56       2.00      1.005     0.0042     0.0042
     50.00     200.00       1.56       2.00      0.999     0.0067     0.0067
     10.00      15.00       2.00       2.50      1.072     0.0843     0.0843
     15.00      20.00       2.00       2.50      1.197     0.0458     0.0458
     20.00      30.00       2.00       2.50      1.113     0.0131     0.0131
     30.00      40.00       2.00       2.50      1.091     0.0030     0.0030
     40.00      50.00       2.00       2.50      1.055     0.0055     0.0055
     50.00     200.00       2.00       2.50      1.035     0.0087     0.0087
