     10.00      15.00       0.00       0.80      0.861     0.0393     0.0393
     15.00      20.00       0.00       0.80      0.950     0.0175     0.0175
     20.00      30.00       0.00       0.80      1.017     0.0043     0.0043
     30.00      40.00       0.00       0.80      1.019     0.0017     0.0017
     40.00      50.00       0.00       0.80      1.016     0.0005     0.0005
     50.00     200.00       0.00       0.80      1.005     0.0023     0.0023
     10.00      15.00       0.80       1.44      0.864     0.0397     0.0397
     15.00      20.00       0.80       1.44      0.965     0.0195     0.0195
     20.00      30.00       0.80       1.44      0.998     0.0050     0.0050
     30.00      40.00       0.80       1.44      1.008     0.0020     0.0020
     40.00      50.00       0.80       1.44      1.002     0.0015     0.0015
     50.00     200.00       0.80       1.44      0.993     0.0028     0.0028
     10.00      15.00       1.44       1.56      1.019     0.0361     0.0361
     15.00      20.00       1.44       1.56      1.068     0.0765     0.0765
     20.00      30.00       1.44       1.56      1.154     0.0219     0.0219
     30.00      40.00       1.44       1.56      1.028     0.0071     0.0071
     40.00      50.00       1.44       1.56      0.989     0.0077     0.0077
     50.00     200.00       1.44       1.56      1.005     0.0133     0.0133
     10.00      15.00       1.56       2.00      0.823     0.0653     0.0653
     15.00      20.00       1.56       2.00      0.925     0.0276     0.0276
     20.00      30.00       1.56       2.00      1.009     0.0080     0.0080
     30.00      40.00       1.56       2.00      1.010     0.0036     0.0036
     40.00      50.00       1.56       2.00      1.009     0.0027     0.0027
     50.00     200.00       1.56       2.00      1.003     0.0047     0.0047
     10.00      15.00       2.00       2.50      1.109     0.0735     0.0735
     15.00      20.00       2.00       2.50      1.152     0.0328     0.0328
     20.00      30.00       2.00       2.50      1.102     0.0096     0.0096
     30.00      40.00       2.00       2.50      1.066     0.0049     0.0049
     40.00      50.00       2.00       2.50      1.040     0.0039     0.0039
     50.00     200.00       2.00       2.50      1.019     0.0065     0.0065
