     0.00       180.00        0.00       0.80      1.0     1.0     1.0
     0.00       180.00        0.80       1.4442    1.0     1.0     1.0
     0.00       180.00        1.4442	 1.556     1.0     1.0     1.0
     0.00       180.00        1.556	 2.00      1.0     1.0     1.0
     0.00       180.00        2.00       2.50      1.0     1.0     1.0
     180.00     1000.00       0.00       0.80      1.0031  0.0167  0.0167
     180.00     1000.00       0.80       1.4442	   0.9969  0.0185  0.0185
     180.00     1000.00       1.4442     1.556     1.1958  0.1731  0.1731
     180.00     1000.00       1.566      2.00      1.0127  0.0256  0.0256
     180.00     1000.00       2.00       2.50      1.1280  0.0576  0.0576
