     0.00        50.00         0.00       0.80      1.0     1.0     1.0
     0.00        50.00         0.80       1.4442    1.0     1.0     1.0
     0.00        50.00         1.4442	  1.556     1.0     1.0     1.0
     0.00        50.00         1.556	  2.00      1.0     1.0     1.0
     0.00        50.00         2.0	  2.50      1.0     1.0     1.0
     50.00       180.00        0.00       0.80      0.947     1.0     1.0
     50.00       180.00        0.80       1.4442    0.947     1.0     1.0
     50.00       180.00        1.4442	  1.556     0.941     1.0     1.0
     50.00       180.00        1.556	  2.00      0.959     1.0     1.0
     50.00       180.00        2.0	  2.50      0.947     1.0     1.0
     180.00      2000.00       0.00       0.80      0.966     1.0     1.0
     180.00      2000.00       0.80       1.4442    0.970     1.0     1.0
     180.00      2000.00       1.4442	  1.556     0.888     1.0     1.0
     180.00      2000.00       1.556	  2.00      0.972     1.0     1.0
     180.00      2000.00       2.0	  2.50      0.962     1.0     1.0
