     0.00        50.00         0.00       0.80      1.0     1.0     1.0
     0.00        50.00         0.80       1.4442    1.0     1.0     1.0
     0.00        50.00         1.4442	  1.556     1.0     1.0     1.0
     0.00        50.00         1.556	  2.00      1.0     1.0     1.0
     0.00        50.00         2.0	  2.50      1.0     1.0     1.0
     50.00       200.00        0.00       0.80      0.980     1.0     1.0
     50.00       200.00        0.80       1.4442    0.975     1.0     1.0
     50.00       200.00        1.4442	  1.556     0.964     1.0     1.0
     50.00       200.00        1.556	  2.00      0.967     1.0     1.0
     50.00       200.00        2.0	  2.50      0.967     1.0     1.0
     200.00      5000.00       0.00       0.80      1.001     1.0     1.0
     200.00      5000.00       0.80       1.4442    1.001     1.0     1.0
     200.00      5000.00       1.4442	  1.556     1.022     1.0     1.0
     200.00      5000.00       1.556	  2.00      0.998     1.0     1.0
     200.00      5000.00       2.0	  2.50      0.964     1.0     1.0
