     0.00        25.00         -2.50       2.50      0.0     1.0     1.0
    25.00      5000.00         -2.50      -2.45      1.3176  1.0     1.0
    25.00      5000.00         -2.45      -2.40      1.1138  1.0     1.0
    25.00      5000.00         -2.40      -2.30      1.0246  1.0     1.0
    25.00      5000.00         -2.30      -2.20      1.0136  1.0     1.0
    25.00      5000.00         -2.20      -2.00      1.0136  1.0     1.0
    25.00      5000.00         -2.00      -1.80      0.9948  1.0     1.0
    25.00      5000.00         -1.80      -1.63      0.9948  1.0     1.0
    25.00      5000.00         -1.63      -1.566     0.9916  1.0     1.0
    25.00      5000.00         -1.566     -1.444     0.9631  1.0     1.0
    25.00      5000.00         -1.444     -1.20      0.9897  1.0     1.0
    25.00      5000.00         -1.20      -1.00      0.9857  1.0     1.0
    25.00      5000.00         -1.00      -0.60      0.9816  1.0     1.0
    25.00      5000.00         -0.60      -0.40      0.9847  1.0     1.0
    25.00      5000.00         -0.40      -0.20      0.9816  1.0     1.0
    25.00      5000.00         -0.20       0.00      0.9804  1.0     1.0
    25.00      5000.00          0.00       0.20      0.9846  1.0     1.0
    25.00      5000.00          0.20       0.40      0.9888  1.0     1.0
    25.00      5000.00          0.40       0.60      0.9877  1.0     1.0
    25.00      5000.00          0.60       1.00      0.9877  1.0     1.0
    25.00      5000.00          1.00       1.20      0.9877  1.0     1.0
    25.00      5000.00          1.20       1.444     0.9877  1.0     1.0
    25.00      5000.00          1.444      1.566     0.9676  1.0     1.0
    25.00      5000.00          1.566      1.63      0.9896  1.0     1.0
    25.00      5000.00          1.63       1.80      0.9928  1.0     1.0
    25.00      5000.00          1.80       2.00      0.9918  1.0     1.0
    25.00      5000.00          2.00       2.20      0.9979  1.0     1.0
    25.00      5000.00          2.20       2.30      1.0010  1.0     1.0
    25.00      5000.00          2.30       2.40      0.9895  1.0     1.0
    25.00      5000.00          2.40       2.45      0.9705  1.0     1.0
    25.00      5000.00          2.45       2.50      0.9067  1.0     1.0
