     0.00       180.00        0.00       1.4442    1.0        1.0     1.0
     0.00       180.00        1.4442	 1.556     1.0        1.0     1.0
     0.00       180.00        1.556	 2.50      1.0        1.0     1.0
     180.00     250.00        0.00       1.4442    0.943     1.0     1.0
     180.00     250.00        1.4442	 1.556     0.912     1.0     1.0
     180.00     250.00        1.556	 2.50      0.990     1.0     1.0
     250.00     350.00        0.00       1.4442    0.940     1.0     1.0
     250.00     350.00        1.4442	 1.556     0.938     1.0     1.0
     250.00     350.00        1.556	 2.50      0.989     1.0     1.0
     350.00     1000.00       0.00       1.4442    0.951     1.0     1.0
     350.00     1000.00       1.4442	 1.556     1.000     1.0     1.0
     350.00     1000.00       1.556	 2.50      0.973     1.0     1.0
