     0.00       180.00        0.00       1.4442    1.0        1.0     1.0
     0.00       180.00        1.4442	 1.556     1.0        1.0     1.0
     0.00       180.00        1.556	 2.50      1.0        1.0     1.0
     180.00     250.00        0.00       1.4442    0.981     1.0     1.0
     180.00     250.00        1.4442	 1.556     1.098     1.0     1.0
     180.00     250.00        1.556	 2.50      1.019     1.0     1.0
     250.00     350.00        0.00       1.4442    1.004     1.0     1.0
     250.00     350.00        1.4442	 1.556     1.083     1.0     1.0
     250.00     350.00        1.556	 2.50      0.978     1.0     1.0
     350.00     5000.00       0.00       1.4442    0.960     1.0     1.0
     350.00     5000.00       1.4442	 1.556     0.905     1.0     1.0
     350.00     5000.00       1.556	 2.50      1.033     1.0     1.0
