run     lumi
256676	831
256676	832
256729	47
256729	666
256729	1422
256729	1423
256843	175
256843	176
256843	177
256941	43
256941	44
256941	45
256941	46
256941	61
256941	62
256941	63
256941	136
256941	137
256941	138
257400	1184
257400	1185
257400	1186
257400	1187
257487	66
257487	67
257487	454
257487	455
257613	36
257613	1043
257613	1044
257613	1045
257645	99
257645	150
257645	313
257645	314
257751	347
257751	395
257751	396
257816	167
257822	538
257969	93
257969	127
257969	128
258158	225
258158	226
258158	444
258158	445
258158	868
258158	869
258159	237
258177	139
258177	140
258177	910
258177	911
258177	1126
258177	1127
258313	206
258434	156
258440	351
258656	273
258703	176
258742	87
258742	339
258742	681
