     30.00     40.00       -2.4       2.4       0.0844045     0.1    0.1
     40.00     50.00       -2.4       2.4       0.0972303     0.1    0.1
     50.00     60.00       -2.4       2.4       0.0939869     0.1    0.1
     60.00     70.00       -2.4       2.4       0.0935781     0.1    0.1
     70.00    100.00       -2.4       2.4       0.0902793     0.1    0.1
    100.00    140.00       -2.4       2.4       0.0935462     0.1    0.1
    140.00    200.00       -2.4       2.4       0.0970933     0.1    0.1
    200.00    300.00       -2.4       2.4       0.121798      0.1    0.1
    300.00    670.00       -2.4       2.4       0.145031      0.1    0.1
    670.00   1000.00       -2.4       2.4       0.174574      0.1    0.1
    1000.00  9000.00       -2.4       2.4       0.191074      0.1    0.1
