     0.00       180.00        0.00       0.60      1.0          1.0     1.0
     0.00       180.00        0.60       0.90      1.0          1.0     1.0
     0.00       180.00        0.90	 1.10      1.0          1.0     1.0
     0.00       180.00        1.10	 1.20      1.0          1.0     1.0
     0.00       180.00        1.20	 1.60      1.0          1.0     1.0
     0.00       180.00        1.60	 2.10      1.0          1.0     1.0
     180.00     1000.00       0.00       0.60      0.989	1.0     1.0
     180.00     1000.00       0.60       0.90      0.991	1.0     1.0
     180.00     1000.00       0.90	 1.10      0.995	1.0     1.0
     180.00     1000.00       1.10	 1.20      0.995	1.0     1.0
     180.00     1000.00       1.20	 1.60      1.000	1.0     1.0
     180.00     1000.00       1.60	 2.10      0.996	1.0     1.0
