     0.00       180.00       0.00        0.20      1.0          1.0     1.0
     0.00       180.00       0.20        0.30      1.0          1.0     1.0
     0.00       180.00       0.30	 0.90      1.0          1.0     1.0
     0.00       180.00       0.90	 1.20      1.0          1.0     1.0
     0.00       180.00       1.20        1.60      1.0          1.0     1.0
     0.00       180.00       1.60        2.10      1.0          1.0     1.0
     180.00     1000.00       0.00       0.20      1.0225	0.0110	0.0110
     180.00     1000.00       0.20       0.30	   0.8586	0.0419	0.0419
     180.00     1000.00       0.30	 0.90	   0.9480	0.0128	0.0128
     180.00     1000.00       0.90	 1.20      0.8580	0.0240	0.0240
     180.00     1000.00       1.20       1.60      1.0076	0.0310	0.0310
     180.00     1000.00       1.60       2.10      0.9084	0.0391	0.0391
