     0.00       180.00        0.00       0.90      0.995        1.0     1.0
     0.00       180.00        0.90       1.20      0.993        1.0     1.0
     0.00       180.00        1.20	 1.70      0.996        1.0     1.0
     0.00       180.00        1.70	 2.10      0.983        1.0     1.0
     0.00       180.00        2.10	 2.40      0.977        1.0     1.0
     180.00     5000.00       0.00       0.90      0.984	1.0     1.0
     180.00     5000.00       0.90       1.20      0.987	1.0     1.0
     180.00     5000.00       1.20	 1.70      0.987	1.0     1.0
     180.00     5000.00       1.70	 2.10      0.999	1.0     1.0
     180.00     5000.00       2.10	 2.40      1.004	1.0     1.0
