      10.00     5000.00       0.00       0.20      0.997	1.0     1.0
      10.00     5000.00       0.20       0.40      0.998	1.0     1.0
      10.00     5000.00       0.40       0.60      0.998	1.0     1.0
      10.00     5000.00       0.60       0.80      0.998	1.0     1.0
      10.00     5000.00       0.80       1.00      0.998	1.0     1.0
      10.00     5000.00       1.00       1.20      0.997	1.0     1.0
      10.00     5000.00       1.20	 1.40      0.996	1.0     1.0
      10.00     5000.00       1.40	 1.60      0.995	1.0     1.0
      10.00     5000.00       1.60	 1.80      0.996	1.0     1.0
      10.00     5000.00       1.80	 2.00      0.994	1.0     1.0
      10.00     5000.00       2.00	 2.20      0.993	1.0     1.0
      10.00     5000.00       2.20	 2.40      0.987	1.0     1.0
