     0.00       180.00       0.00        0.90      1.0          1.0     1.0
     0.00       180.00       0.90	 1.60      1.0          1.0     1.0
     0.00       180.00       1.60        2.10      1.0          1.0     1.0
     180.00      220.00      0.00        0.90      0.8852	1.0     1.0
     180.00      220.00      0.90	 1.60      0.7602	1.0     1.0
     180.00      220.00      1.60        2.10      0.7516	1.0     1.0
     220.00      300.00      0.00        0.90      0.8939	1.0     1.0
     220.00      300.00      0.90	 1.60      0.6674	1.0     1.0
     220.00      300.00      1.60        2.10      0.6001	1.0     1.0
     300.00     1000.00      0.00        0.90      0.9265	1.0     1.0
     300.00     1000.00      0.90	 1.60      0.7900	1.0     1.0
     300.00     1000.00      1.60        2.10      0.5000	1.0     1.0
