     0.00       180.00       0.00        0.90      1.0          1.0     1.0
     0.00       180.00       0.90	 1.20      1.0          1.0     1.0
     0.00       180.00       1.20	 1.70      1.0          1.0     1.0
     0.00       180.00       1.70        2.40      1.0          1.0     1.0
     180.00     220.00       0.00        0.90      0.937	1.0     1.0
     180.00     220.00       0.90	 1.20      0.947	1.0     1.0
     180.00     220.00       1.20	 1.70      0.954	1.0     1.0
     180.00     220.00       1.70        2.40      0.949	1.0     1.0
     220.00     300.00       0.00        0.90      0.951	1.0     1.0
     220.00     300.00       0.90	 1.20      0.898	1.0     1.0
     220.00     300.00       1.20	 1.70      0.906	1.0     1.0
     220.00     300.00       1.70        2.40      0.833	1.0     1.0
     300.00     5000.00      0.00        0.90      0.981	1.0     1.0
     300.00     5000.00      0.90	 1.20      0.884	1.0     1.0
     300.00     5000.00      1.20	 1.70      0.984	1.0     1.0
     300.00     5000.00      1.70        2.40      0.775	1.0     1.0
