     0.00       180.00       0.00        0.90      1.0          1.0     1.0
     0.00       180.00       0.90	 1.20      1.0          1.0     1.0
     0.00       180.00       1.20	 1.70      1.0          1.0     1.0
     0.00       180.00       1.70        2.10      1.0          1.0     1.0
     180.00     220.00       0.00        0.90      0.878	1.0     1.0
     180.00     220.00       0.90	 1.20      0.866	1.0     1.0
     180.00     220.00       1.20	 1.70      0.702	1.0     1.0
     180.00     220.00       1.70        2.10      0.688	1.0     1.0
     220.00     300.00       0.00        0.90      0.859	1.0     1.0
     220.00     300.00       0.90	 1.20      0.815	1.0     1.0
     220.00     300.00       1.20	 1.70      0.654	1.0     1.0
     220.00     300.00       1.70        2.10      0.620	1.0     1.0
     300.00     500.00       0.00        0.90      0.849	1.0     1.0
     300.00     500.00       0.90	 1.20      0.829	1.0     1.0
     300.00     500.00       1.20	 1.70      0.635	1.0     1.0
     300.00     500.00       1.70        2.10      0.524	1.0     1.0
     500.00     1000.00      0.00        0.90      0.851	1.0     1.0
     500.00     1000.00      0.90	 1.20      0.700	1.0     1.0
     500.00     1000.00      1.20	 1.70      0.000	1.0     1.0
     500.00     1000.00      1.70        2.10      0.000	1.0     1.0
