      1000    2.621800 
      1100    1.783300 
      1200    1.242000 
      1300    0.881880 
      1400    0.636650 
      1500    0.466020 
      1600    0.345330 
      1700    0.258860 
      1800    0.195840 
      1900    0.149220 
      2000    0.114590 
      2100    0.088534 
      2200    0.068860 
      2300    0.053847 
      2400    0.042275 
      2500    0.033343 
      2600    0.026400 
      2700    0.020986 
      2800    0.016738 
      2900    0.013397 
      3000    0.010756 
      3100    0.008669 
      3200    0.006997 
      3300    0.005672 
      3400    0.004608 
      3500    0.003758 
      3600    0.003074 
      3700    0.002523 
      3800    0.002078 
      3900    0.001718 
      4000    0.001425 
